700000004                 -16.63584233890165
750000005                 -0.7243238551020232
800000005                 -24.483352086567926
850000005                 -0.03400818617863623
900000006                 -27.08119606075426
950000006                 -0.5008078935698167
1000000006                -17.79755625208307
1050000007                -1.9233187861141339
1100000007                -13.000532901641042
1150000007                -3.8900534468795356
1200000008                -9.639115535105132
1250000008                -6.1715588413879665
1300000008                -6.917718689635902
1350000009                -8.767891384019043
1400000009                -4.550228219204317
1450000009                -11.886503439057886
1500000010                -2.4757005193678516
1550000010                -16.101638945098287
1600000010                -0.8496668283113623
1650000011                -23.362473248737935
1700000011                -0.052427971737596606
1750000011                -28.535287191356446
1800000012                -0.40363645924667685
1850000012                -18.433166481547225
1900000012                -1.7494079945790686
1950000013                -13.396891216085947
2000000013                -3.676002993394531
2050000013                -9.941049713470507
2100000014                -5.929416372729905
2.150000014E9             -7.17390386332826
2.200000014E9             -8.478909555002256
2.250000014E9             -4.774332085179751
2.300000015E9             -11.536859805508847
2.350000015E9             -2.668610606590992
2.400000015E9             -15.590771414202411
2.450000016E9             -0.9837300073951892
2.500000016E9             -22.3440963613669
2.550000016E9             -0.08300681134131195
2.600000017E9             -29.982075096237498
2.650000017E9             -0.31678533225554073
2.700000017E9             -19.11255032907575
2.750000018E9             -1.580987619651994
2.800000018E9             -13.808395045022122
2.850000018E9             -3.464597231321487
2.900000019E9             -10.251134022129044
2.950000019E9             -5.689507917365685
3.000000019E9             -7.43218316301874
3.05000002E9              -8.212635561169444
3.10000002E9              -5.0032077050562656
3.15000002E9              -11.197026098963923
3.200000021E9             -2.866288435575766
3.250000021E9             -15.108472787218778
3.300000021E9             -1.1251344838957957
3.350000022E9             -21.41877791092295
3.400000022E9             -0.12546495776816086
3.450000022E9             -31.133112272599664
3.500000022E9             -0.24053115583459753
3.550000023E9             -19.843902545798663
3.600000023E9             -1.4188345908912805
3.650000023E9             -14.235518820421365
3.700000024E9             -3.2571727615980013
3.750000024E9             -10.566066045754834
3.800000024E9             -5.4526325293921705
3.850000025E9             -7.694732843643876
3.900000025E9             -7.942142869799489
3.950000025E9             -5.236180896829659
4.000000026E9             -10.865971297911498
4.050000026E9             -3.0673205411774456
4.100000026E9             -14.647727783422743
4.150000027E9             -1.2742916027224485
4.200000027E9             -20.56859759020135
4.250000027E9             -0.1798796818432141
4.300000028E9             -31.574839509121617
4.350000028E9             -0.1755864157288124
4.400000028E9             -20.62946346664046
4.450000029E9             -1.2626694192848147
4.500000029E9             -14.67948495624837
4.550000029E9             -3.0524539835935327
4.600000029E9             -10.889623814223006
4.65000003E9              -5.218898455186616
4.70000003E9              -7.961237483853
4.75000003E9              -7.675915894215953
4.800000031E9             -5.470012572004195
4.850000031E9             -10.543058683972522
4.900000031E9             -3.271882985418209
4.950000032E9             -14.204254990445182
5.000000032E9             -1.430347504498926
5.050000032E9             -19.789287094862697
5.100000033E9             -0.24569359012256253
5.150000033E9             -31.06711862754333
5.200000033E9             -0.12214515804387989
5.250000034E9             -21.483507371018916
5.300000034E9             -1.114872315091856
5.350000034E9             -15.143699791871368
5.400000035E9             -2.852135056097665
5.450000035E9             -11.220940834063661
5.500000035E9             -4.990051234171633
5.550000036E9             -8.23227970122705
5.600000036E9             -7.41357812127558
5.650000036E9             -5.706249298922691
5.700000037E9             -10.22801860430302
5.750000037E9             -3.479470169213749
5.800000037E9             -13.778640077285623
5.850000037E9             -1.5924866960292616
5.900000038E9             -19.063548834890696
5.950000038E9             -0.32206419261358543
6.000000039E9             -29.881513693329502
6.050000039E9             -0.08034905694100192
6.100000039E9             -22.41317857489276
6.150000039E9             -0.9737788722154832
6.20000004E9              -15.627844464047547
6.25000004E9              -2.655357076269345
6.30000004E9              -11.560569697261556
6.350000041E9             -4.7602113414833065
6.400000041E9             -8.506628958956872
6.450000041E9             -7.155429520184936
6.500000042E9             -5.942996279209179
6.550000042E9             -9.920603494283402
6.600000042E9             -3.6904530409658145
6.650000043E9             -13.369816635398621
6.700000043E9             -1.7608718504956835
6.750000043E9             -18.389619769090338
6.800000044E9             -0.40974690728124813
6.850000044E9             -28.438269791149956
6.900000044E9             -0.05075295982455297
6.950000045E9             -23.432660725784448
7.000000045E9             -0.8410878552552485
7.050000045E9             -16.135075634501806
7.100000046E9             -2.4631357044666733
7.150000046E9             -11.910139678920155
7.200000046E9             -4.535670054059792
7.250000046E9             -8.788150256830242
7.300000047E9             -6.901457598805775
7.350000047E9             -6.187363553546942
7.400000047E9             -9.62025260690704
7.450000048E9             -3.9038001922161456
7.500000048E9             -12.976123496182247
7.550000048E9             -1.9343959965857018
7.600000049E9             -17.759799165492613
7.650000049E9             -0.5071674115403852
7.700000049E9             -26.997014243796194
7.75000005E9              -0.033206781861552286
7.80000005E9              -24.541838703671726
7.85000005E9              -0.7169692026045225
7.900000051E9             -16.669607076020633
7.950000051E9             -2.275746000773294
8.000000051E9             -12.267989576748368
8.050000052E9             -4.314385609305104
8.100000052E9             -9.069538137044244
8.150000052E9             -6.651364162457764
8.200000053E9             -6.431186727059064
8.250000053E9             -9.326423191158915
8.300000053E9             -4.119341419228877
8.350000054E9             -12.59679686461295
8.400000054E9             -2.112584966486382
8.450000054E9             -17.169641214564976
8.500000055E9             -0.6139120923857125
8.550000055E9             -25.66051317258202
8.600000055E9             -0.027836718525981425
8.650000056E9             -25.796795543820554
8.700000056E9             -0.6020833504770464
8.750000056E9             -17.230415161986127
8.800000057E9             -2.0933908265318877
8.850000057E9             -12.636371019895275
8.900000057E9             -4.0964307511077775
8.950000058E9             -9.357363722960676
9.000000058E9             -6.405465435629809
9.050000058E9             -6.67744899131711
9.100000058E9             -9.0395991535472
9.150000059E9             -4.337116174712875
9.200000059E9             -12.23019242385148
9.250000059E9             -2.2950081621728473
9.30000006E9              -16.61321189669094
9.35000006E9              -0.7293919127440063
9.40000006E9              -24.438707465345505
9.450000061E9             -0.03445877836677437
9.500000061E9             -27.145957616131827
9.550000061E9             -0.4968032319130231
9.600000062E9             -17.82228033809525
9.650000062E9             -1.9167920045948603
9.700000062E9             -13.015085162107635
9.750000063E9             -3.8825778073808555
9.800000063E9             -9.6495110088547
9.850000063E9             -6.1634608436910465
9.900000064E9             -6.925911185999602
9.950000064E9             -8.759331681505845
1.0000000064E10           -4.556873477802598
1.0050000065E10           -11.87662952480369
1.0100000065E10           -2.4808287362480503
1.0150000065E10           -16.08871170653475
1.0200000065E10           -0.8531036214864383
1.0250000066E10           -23.33961163981129
1.0300000066E10           -0.052897236096549304
1.0350000066E10           -28.563436138868173
1.0400000067E10           -0.40171005614028277
1.0450000067E10           -18.451574318850998
1.0500000067E10           -1.7462862809570305
1.0550000068E10           -13.404016944767449
1.0600000068E10           -3.6727410820387525
1.0650000068E10           -9.945636959276582
1.0700000069E10           -5.926187879170746
1.0750000069E10           -7.175961177273952
1.0800000069E10           -8.485495506015056
1.085000007E10            -4.7777360449361215
1.090000007E10            -11.534916152086987
1.095000007E10            -2.669741432991364
1.1000000071E10           -15.594552587182315
1.1050000071E10           -0.9835989896250064
1.1100000071E10           -22.34708851962225
1.1150000072E10           -0.0828651173714836
1.1200000072E10           -29.97451122143753
1.1250000072E10           -0.31714243861099534
1.1300000073E10           -19.106367768786296
1.1350000073E10           -1.5824997636119442
1.1400000073E10           -13.80199397444271
1.1450000073E10           -3.468093387778819
1.1500000074E10           -10.248999058273062
1.1550000074E10           -5.693591159190278
1.1600000074E10           -7.427465553386315
1.1650000075E10           -8.218722425619827
1.1700000075E10           -4.9993466027690445
1.1750000075E10           -11.205607005672462
1.1800000076E10           -2.860729441604706
1.1850000076E10           -15.12390082791405
1.1900000076E10           -1.1204349619733267
1.1950000077E10           -21.449021062136904
1.2000000077E10           -0.12381301688899608
1.2050000077E10           -31.101817961081753
1.2100000078E10           -0.2434014628168628
1.2150000078E10           -19.809381202458166
1.2200000078E10           -1.4260434022630744
1.2250000079E10           -14.214017151469221
1.2300000079E10           -3.2670729393558675
1.2350000079E10           -10.54857801875237
1.240000008E10            -5.465929997512119
1.245000008E10            -7.682038977947194
1.250000008E10            -7.958830634325732
1.2550000081E10           -5.220393105406553
1.2600000081E10           -10.888032864321975
1.2650000081E10           -3.0547146512738648
1.2700000082E10           -14.68065356043238
1.2750000082E10           -1.2631664110970744
1.2800000082E10           -20.635431802225593
1.2850000083E10           -0.17514307599211026
1.2900000083E10           -31.57512231502228
1.2950000083E10           -0.18071397753941662
1.3000000083E10           -20.555647245529947
1.3050000084E10           -1.277312862756847
1.3100000084E10           -14.63655413027843
1.3150000084E10           -3.0726130691384745
1.3200000085E10           -10.856076433878634
1.3250000085E10           -5.243336595733225
1.3300000085E10           -7.931992570397225
1.3350000086E10           -7.704978910292502
1.3400000086E10           -5.4420849549151065
1.3450000086E10           -10.581254291209044
1.3500000087E10           -3.2460603696796184
1.3550000087E10           -14.260356873497335
1.3600000087E10           -1.408905690662601
1.3650000088E10           -19.888646049490877
1.3700000088E10           -0.23509612916912806
1.3750000088E10           -31.203777060659643
1.3800000088E10           -0.12443810436309949
1.3850000089E10           -21.34850700441648
1.3900000089E10           -1.1363635118082298
1.395000009E10            -15.067451283703488
1.400000009E10            -2.8836517848005543
1.405000009E10            -11.164341402789205
1.410000009E10            -5.026681312205657
1.4150000091E10           -8.18362184020171
1.4200000091E10           -7.459718267138827
1.4250000091E10           -5.662722378743252
1.4300000092E10           -10.285637393960743
1.4350000092E10           -3.4386903821110475
1.4400000092E10           -13.860723449541037
1.4450000093E10           -1.5591269050191003
1.4500000093E10           -19.20633637524391
1.4550000093E10           -0.3050240820209428
1.4600000094E10           -30.17883231873677
1.4650000094E10           -0.08846863940792545
1.4700000094E10           -22.197281424527105
1.4750000095E10           -1.0058027660742825
1.4800000095E10           -15.511921737406277
1.4850000095E10           -2.701684560979301
1.4900000096E10           -11.476065224802433
1.4950000096E10           -4.817932055385892
1.5000000096E10           -8.435373259909554
1.5050000096E10           -7.222914252113526
1.5100000097E10           -5.880426333533403
1.5150000097E10           -10.00110418368974
1.5200000097E10           -3.6304350648898427
1.5250000098E10           -13.483586325271785
1.5300000098E10           -1.7111437980063942
1.5350000098E10           -18.582599787483456
1.5400000099E10           -0.3817317512937691
1.5450000099E10           -28.88676861726364
1.5500000099E10           -0.058533041923950965
1.55500001E10             -23.100949562000224
1.56000001E10             -0.8831704555174374
1.56500001E10             -15.965110800465116
1.5700000101E10           -2.5282265665591757
1.5750000101E10           -11.78809858788715
1.5800000101E10           -4.614119130554359
1.5850000102E10           -8.685239210313565
1.5900000102E10           -6.994216008131704
1.5950000102E10           -6.0961208105009765
1.6000000103E10           -9.734881692013284
1.6050000103E10           -3.8201233583378653
1.6100000103E10           -13.131809188077735
1.6150000104E10           -1.8637037484738865
1.6200000104E10           -18.016013592775238
1.6250000104E10           -0.46517704322450204
1.6300000104E10           -27.59802934952722
1.6350000105E10           -0.039158841404860006
1.6400000105E10           -24.05706776516821
1.6450000105E10           -0.7713019415804595
1.6500000106E10           -16.425843090671613
1.6550000106E10           -2.361421304287938
1.6600000106E10           -12.097741198581373
1.6650000107E10           -4.419765576538252
1.6700000107E10           -8.932721028066005
1.6750000107E10           -6.7730699985432885
1.6800000108E10           -6.308704994297863
1.6850000108E10           -9.47353457861683
1.6900000108E10           -4.008025277877327
1.6950000109E10           -12.794305618083657
1.7000000109E10           -2.016613963285182
1.7050000109E10           -17.487089313788992
1.710000011E10            -0.55341234678598
1.715000011E10            -26.409259769294117
1.720000011E10            -0.029225170214884272
1.725000011E10            -25.06197021655297
1.7300000111E10           -0.6688927691040172
1.7350000111E10           -16.886576308386466
1.7400000111E10           -2.20386518384202
1.7450000112E10           -12.403792083012304
1.7500000112E10           -4.2324062028029505
1.7550000113E10           -9.17022611946577
1.7600000113E10           -6.564642364038629
1.7650000113E10           -6.513103134901081
1.7700000113E10           -9.230170731260921
1.7750000114E10           -4.189401649289486
1.7800000114E10           -12.480817734687111
1.7850000114E10           -2.167250228185132
1.7900000115E10           -17.001714737242807
1.7950000115E10           -0.6450344349298011