700000004                 -55.820766349786304
750000005                 -50.398799783475816
800000005                 -56.06100693674236
850000005                 -49.87926981583372
900000006                 -56.07906584469166
950000006                 -50.225772292138316
1000000006                -55.875339676053564
1050000007                -51.228953786971985
1100000007                -55.44643628710236
1150000007                -52.44707031122655
1200000008                -54.787044819522066
1250000008                -53.588421138960136
1300000008                -53.896073008021986
1350000009                -54.53420342632495
1400000009                -52.79375946275116
1450000009                -55.25096813130939
1500000010                -51.56468281041664
1550000010                -55.73593295298401
1600000010                -50.440011997999356
1650000011                -55.99404341973504
1700000011                -49.83843190515251
1750000011                -56.029514975530425
1800000012                -50.09366538291408
1850000012                -55.84301042579952
1900000012                -51.04569533487367
1950000013                -55.43114041545775
2000000013                -52.25244358944855
2050000013                -54.78731434743622
2100000014                -53.39776928013157
2.150000014E9             -53.95346465541835
2.200000014E9             -56.05421069847978
2.250000014E9             -52.91727203864756
2.300000015E9             -55.12321064234087
2.350000015E9             -51.61591766692511
2.400000015E9             -55.79644989505248
2.450000016E9             -50.475036046757005
2.500000016E9             -55.91421750274903
2.550000016E9             -49.8200859410331
2.600000017E9             -56.08236263812442
2.650000017E9             -49.891528859485476
2.700000017E9             -55.78831541424614
2.750000018E9             -50.8507701756071
2.800000018E9             -55.407091426154395
2.850000018E9             -52.064584009377896
2.900000019E9             -54.929641671203
2.950000019E9             -53.20799547251483
3.000000019E9             -53.91862626563662
3.05000002E9              -54.19604939421086
3.10000002E9              -52.84385779553585
3.15000002E9              -54.92289298853741
3.200000021E9             -51.62194339537269
3.250000021E9             -55.557944243483696
3.300000021E9             -50.42250673708247
3.350000022E9             -55.75863006389404
3.400000022E9             -49.81628762181943
3.450000022E9             -55.816594570947046
3.500000022E9             -49.77257021871559
3.550000023E9             -55.86395410010786
3.600000023E9             -50.59319328922104
3.650000023E9             -55.33059688637095
3.700000024E9             -51.668390476738836
3.750000024E9             -54.706045390569244
3.800000024E9             -52.984025226395126
3.850000025E9             -53.85512021482204
3.900000025E9             -53.94530942330208
3.950000025E9             -53.00861657786627
4.000000026E9             -54.694613701004585
4.050000026E9             -51.604480349619536
4.100000026E9             -55.17845240775405
4.150000027E9             -50.36721192109337
4.200000027E9             -55.7055827943832
4.250000027E9             -49.486959974436886
4.300000028E9             -55.4793595485965
4.350000028E9             -49.52030547387449
4.400000028E9             -55.74213556219135
4.450000029E9             -50.77692632965737
4.500000029E9             -55.07538090233822
4.550000029E9             -51.5537524922664
4.600000029E9             -54.704569823210534
4.65000003E9              -52.69748193819485
4.70000003E9              -53.61507993576232
4.75000003E9              -53.630615109753066
4.800000031E9             -52.94662288709701
4.850000031E9             -54.470392676497674
4.900000031E9             -51.594132059674266
4.950000032E9             -54.9893869197664
5.000000032E9             -50.331733367939044
5.050000032E9             -55.201500260563634
5.100000033E9             -49.427857504746015
5.150000033E9             -55.71884381352352
5.200000033E9             -49.303377096041174
5.250000034E9             -55.48138696435974
5.300000034E9             -49.85423998966119
5.350000034E9             -55.03568322077638
5.400000035E9             -51.00737214656807
5.450000035E9             -54.46406221676587
5.500000035E9             -50.27258776909548
5.550000036E9             -53.67635826526704
5.600000036E9             -53.494871506280234
5.650000036E9             -52.58721730351469
5.700000037E9             -54.26266136234163
5.750000037E9             -51.37550244248623
5.800000037E9             -54.86735258665703
5.850000037E9             -50.001469116081914
5.900000038E9             -55.11426043219879
5.950000038E9             -48.333484518789135
6.000000039E9             -55.29291465246789
6.050000039E9             -49.36897669962795
6.100000039E9             -55.085109867002885
6.150000039E9             -49.8061697868508
6.20000004E9              -54.60498952083502
6.25000004E9              -50.82094842197937
6.30000004E9              -54.115109337800675
6.350000041E9             -52.019418315123815
6.400000041E9             -53.13172024560515
6.450000041E9             -53.042500209875065
6.500000042E9             -49.34436055007707
6.550000042E9             -53.78508316932085
6.600000042E9             -51.8706394536332
6.650000043E9             -54.45602709120256
6.700000043E9             -50.22997810144774
6.750000043E9             -54.69423227511497
6.800000044E9             -49.20015241236122
6.850000044E9             -54.76783615388719
6.900000044E9             -48.80357548763749
6.950000045E9             -54.6105849406367
7.000000045E9             -49.290645085768894
7.050000045E9             -53.85343493475255
7.100000046E9             -50.44252452260638
7.150000046E9             -54.98623791335585
7.200000046E9             -51.530477101760596
7.250000046E9             -53.117373500002074
7.300000047E9             -52.50469809771057
7.350000047E9             -52.53236540676457
7.400000047E9             -53.212230325264
7.450000048E9             -51.23047750114277
7.500000048E9             -53.92044913714691
7.550000048E9             -49.88165711746288
7.600000049E9             -54.12382045640043
7.650000049E9             -49.2171932380936
7.700000049E9             -53.90891387557475
7.75000005E9              -48.429284408039386
7.80000005E9              -48.723934632042
7.85000005E9              -48.84110034015474
7.900000051E9             -55.505087186862596
7.950000051E9             -49.738006403536545
8.000000051E9             -54.18613902858964
8.050000052E9             -50.76908344780884
8.100000052E9             -53.25241623028248
8.150000052E9             -52.02218669696896
8.200000053E9             -52.15816133445039
8.250000053E9             -53.174816385419476
8.300000053E9             -50.64251774870851
8.350000054E9             -53.01349879669261
8.400000054E9             -49.48850302642518
8.450000054E9             -52.70598976940661
8.500000055E9             -48.75686815945433
8.550000055E9             -51.6506127636455
8.600000055E9             -48.09159408343149
8.650000056E9             -57.05605752135377
8.700000056E9             -48.33361397368414
8.750000056E9             -54.9075297772545
8.800000057E9             -49.48154273294402
8.850000057E9             -54.103298439837445
8.900000057E9             -50.87742638529452
8.950000058E9             -53.243411772811214
9.000000058E9             -51.2750118794765
9.050000058E9             -52.00290985820687
9.100000058E9             -52.4069768346271
9.150000059E9             -50.20771674073955
9.200000059E9             -52.89770741816014
9.250000059E9             -49.632639906220746
9.30000006E9              -52.429617100671855
9.35000006E9              -48.45695507151643
9.40000006E9              -51.17073713725705
9.450000061E9             -47.70057864848517
9.500000061E9             -62.8667025853896
9.550000061E9             -48.14642091085345
9.600000062E9             -55.36471971237436
9.650000062E9             -48.758630828837674
9.700000062E9             -54.04242232657946
9.750000063E9             -49.689183035601545
9.800000063E9             -52.96799470015233
9.850000063E9             -51.61592088633938
9.900000064E9             -51.862366044866434
9.950000064E9             -51.68238764840027
1.0000000064E10           -50.5338486423641
1.0050000065E10           -52.18714339741754
1.0100000065E10           -49.04676219147031
1.0150000065E10           -52.31216320396942
1.0200000065E10           -51.995399795858965
1.0250000066E10           -51.95504682333685
1.0300000066E10           -47.48268116069311
1.0350000066E10           -50.26496848031062
1.0400000067E10           -47.54343718584637
1.0450000067E10           -59.467260780424155
1.0500000067E10           -48.43440736861264
1.0550000068E10           -55.49125300746755
1.0600000068E10           -49.42313637550134
1.0650000068E10           -53.78921758171586
1.0700000069E10           -50.32872994986015
1.0750000069E10           -52.191120359054636
1.0800000069E10           -51.142488385965024
1.085000007E10            -50.81623488165767
1.090000007E10            -51.8086467969372
1.095000007E10            -48.85193975872917
1.1000000071E10           -47.94456999084342
1.1050000071E10           -47.89013460407945
1.1100000071E10           -52.407106340740185
1.1150000072E10           -47.196689259502314
1.1200000072E10           -51.71086162901335
1.1250000072E10           -46.884061551721494
1.1300000073E10           -50.785176316823595
1.1350000073E10           -47.539754294032484
1.1400000073E10           -48.584781774913644
1.1450000073E10           -45.20958218724542
1.1500000074E10           -48.03315748051858
1.1550000074E10           -50.29067086821107
1.1600000074E10           -55.89699031328181
1.1650000075E10           -50.46717652675076
1.1700000075E10           -51.834775865176184
1.1750000075E10           -51.28184807238576
1.1800000076E10           -49.724170963864715
1.1850000076E10           -51.39881858632138
1.1900000076E10           -47.37771970066046
1.1950000077E10           -51.698136125280676
1.2000000077E10           -46.92631686145393
1.2050000077E10           -51.14581549924306
1.2100000078E10           -46.92293968480808
1.2150000078E10           -50.755657942788204
1.2200000078E10           -47.564388924364316
1.2250000079E10           -49.74999915869578
1.2300000079E10           -50.39895043383516
1.2350000079E10           -49.03783068053588
1.240000008E10            -48.605441105114934
1.245000008E10            -40.38322050579933
1.250000008E10            -50.73006606015176
1.2550000081E10           -46.921001727289564
1.2600000081E10           -50.966995018454796
1.2650000081E10           -46.26841309182901
1.2700000082E10           -51.73133623997012
1.2750000082E10           -55.647674079625446
1.2800000082E10           -51.45977013788206
1.2850000083E10           -49.69701533816101
1.2900000083E10           -50.68076184552225
1.2950000083E10           -48.16227947424795
1.3000000083E10           -53.22615226206467
1.3050000084E10           -47.74772235530107
1.3100000084E10           -52.09686029189954
1.3150000084E10           -48.919371310243406
1.3200000085E10           -52.92354486644501
1.3250000085E10           -49.3778091367487
1.3300000085E10           -48.9017734076548
1.3350000086E10           -54.79495064878303
1.3400000086E10           -47.20898215558361
1.3450000086E10           -50.863598294918944
1.3500000087E10           -47.1081589111223
1.3550000087E10           -50.2776990902081
1.3600000087E10           -43.075985708071755
1.3650000088E10           -61.16232694332414
1.3700000088E10           -39.68797364420657
1.3750000088E10           -51.70302744130407
1.3800000088E10           -30.49670520724298
1.3850000089E10           -49.92570383750136
1.3900000089E10           -53.96381245508131
1.395000009E10            -50.445621103242075
1.400000009E10            -55.75251719211621
1.405000009E10            -51.30976717073568
1.410000009E10            -56.06359825188118
1.4150000091E10           -48.66184371818352
1.4200000091E10           -50.56375056353922
1.4250000091E10           -48.042089004648474
1.4300000092E10           -53.589079976502696
1.4350000092E10           -46.35359636718092
1.4400000092E10           -51.992410902417234
1.4450000093E10           -44.666375673427126
1.4500000093E10           -55.564791390396955
1.4550000093E10           -42.859177124539826
1.4600000094E10           -52.185978174824086
1.4650000094E10           -41.45710182731058
1.4700000094E10           -51.547367303689605
1.4750000095E10           -40.673170921802814
1.4800000095E10           -50.42984050597131
1.4850000095E10           -38.71497787238683
1.4900000096E10           -51.157207886938494
1.4950000096E10           -44.2763339741045
1.5000000096E10           -49.19294380864996
1.5050000096E10           -35.321429922237755
1.5100000097E10           -48.78573867674824
1.5150000097E10           -44.25097972118894
1.5200000097E10           -46.30497673360021
1.5250000098E10           -59.84859935979563
1.5300000098E10           -44.98905991822799
1.5350000098E10           -58.85554845670812
1.5400000099E10           -42.258867289194654
1.5450000099E10           -54.419359776954614
1.5500000099E10           -40.93076235358912
1.55500001E10             -53.1080677558912
1.56000001E10             -38.630894535081886
1.56500001E10             -51.765827199330005
1.5700000101E10           -48.17270103207842
1.5750000101E10           -51.638255245348816
1.5800000101E10           -47.403084974677505
1.5850000102E10           -49.41930357894329
1.5900000102E10           -46.30080116056432
1.5950000102E10           -50.15864479318612
1.6000000103E10           -45.43973577010681
1.6050000103E10           -47.27616730502844
1.6100000103E10           -45.051187890316626
1.6150000104E10           -44.40186018105323
1.6200000104E10           -45.31904524427469
1.6250000104E10           -42.22395248939908
1.6300000104E10           -55.37325903100217
1.6350000105E10           -54.04538712079406
1.6400000105E10           -37.623906728905546
1.6450000105E10           -47.64455680251178
1.6500000106E10           -47.76144492758103
1.6550000106E10           -46.07333385328272
1.6600000106E10           -61.61253148331055
1.6650000107E10           -45.085233920841745
1.6700000107E10           -64.96196009865886
1.6750000107E10           -48.49199636501557
1.6800000108E10           -55.47232564133519
1.6850000108E10           -51.409960298517916
1.6900000108E10           -51.31670122667268
1.6950000109E10           -46.335478768997085
1.7000000109E10           -48.38186092066746
1.7050000109E10           -41.290632040963004
1.710000011E10            -43.95606546953825
1.715000011E10            -47.489205155726694
1.720000011E10            -44.81398191100028
1.725000011E10            -45.569441130899676
1.7300000111E10           -46.74389097792502
1.7350000111E10           -45.468887673535875
1.7400000111E10           -51.17779101507119
1.7450000112E10           -44.50367153217347
1.7500000112E10           -49.154272090212785
1.7550000113E10           -40.025705776285704
1.7600000113E10           -47.83824202851826
1.7650000113E10           -36.42306655173469
1.7700000113E10           -45.06212072686159
1.7750000114E10           -41.54803973058732
1.7800000114E10           -48.98374872390256
1.7850000114E10           -39.58629849788957
1.7900000115E10           -48.03640816611087
1.7950000115E10           -49.08358449708296